Temperature    Total MCC       E            Cv             M            Chi            |M| 
2.0000000       10000000     -1.7455456     0.73210086    -0.91116144     0.87794797     0.91116272
2.0250000       10000000     -1.7268043     0.77498461    -0.90257817     0.46898712     0.90257817
2.0500000       10000000     -1.7067494     0.82988713    -0.89275493     0.57857207     0.89275493
2.0750000       10000000     -1.6852515     0.89098428    -0.88161197     0.72855028     0.88161197
2.1000000       10000000     -1.6621086     0.96140680    -0.86879681     0.94670136     0.86879681
2.1250000       10000000     -1.6370430      1.0445285    -0.85376358      1.2730837     0.85376358
2.1500000       10000000     -1.6097596      1.1436838     0.83565921      1.9535528     0.83565923
2.1800000        5000000     -1.5735805      1.2870342  0.00015024644      3.0181516     0.80874234
2.1900000        5000000     -1.5602027      1.3505930  0.00021110548      3.9868490     0.79705409
2.2000000        5000000     -1.5464102      1.4265133  0.00024547136      5.0520831     0.78436610
2.2100000        5000000     -1.5319419      1.4934241  0.00014057128      6.4942126     0.77019019
2.2200000        5000000     -1.5167008      1.5797031 -0.00097652296      8.6027874     0.75376909
2.2300000        5000000     -1.5003290      1.6894780    0.016680195      12.821799     0.73381928
2.2400000        5000000     -1.4827232      1.8350562     0.23809427      20.092420     0.70836227
2.2500000        5000000     -1.4632482      2.0142542    -0.24190877      37.616528     0.67332437
2.2600000        5000000     -1.4416625      2.2357266    -0.12208277      60.070612     0.62712750
2.2700000        5000000     -1.4187658      2.4366995    0.047213823      109.00667     0.56200342
2.2800000        5000000     -1.3939135      2.4964048    0.039943565      140.99986     0.48415383
2.2900000        5000000     -1.3692786      2.3030120 -9.6041960E-05      152.35568     0.39807116
2.3000000        5000000     -1.3480827      2.1145333   -0.016137388      145.47627     0.32793006
2.3100000        5000000     -1.3279709      1.8503261    0.014584254      118.36204     0.26909934
2.3200000        5000000     -1.3110596      1.6845730   0.0048159242      98.251759     0.23153024
2.3300000        5000000     -1.2946783      1.5437193  -0.0059155050      77.066301     0.19770082
2.3400000        5000000     -1.2796898      1.4526145  -0.0030921783      61.691563     0.17220114
2.3500000        5000000     -1.2656402      1.3601672  -0.0031044750      50.385479     0.15129569
2.3600000        5000000     -1.2520614      1.3061621  0.00017540780      41.984163     0.13642826
2.3700000        5000000     -1.2393962      1.2480965 -0.00098309068      35.360313     0.12512887
2.3800000        5000000     -1.2272756      1.2064806  -0.0017177303      30.216785     0.11589315
2.3900000        5000000     -1.2153804      1.1605960   0.0013539589      26.977324     0.10846962
2.4000000        5000000     -1.2040710      1.1237058  0.00036472512      22.950788     0.10044885
