Temperature    Total MCC       E            Cv             M            Chi            |M| 
2.0000000        5000000     -1.7457970     0.72410702    -0.91140875     0.41085912     0.91140882
2.0250000        5000000     -1.7269258     0.77825669     0.90251361     0.56167298     0.90251933
2.0500000        5000000     -1.7065834     0.83134683     0.89264141     0.58339026     0.89264141
2.0750000        5000000     -1.6851688     0.89141924     0.88147309     0.74836890     0.88147309
2.1000000        5000000     -1.6621925     0.96031218     0.86886719     0.94744141     0.86886723
2.1250000        5000000     -1.6370959      1.0458561     0.85376925      1.3043397     0.85376945
2.1700000        5000000     -1.5860151      1.2387012    -0.13363231      2.7340558     0.81820125
2.1800000        5000000     -1.5733895      1.2879354    -0.30065172      3.1902811     0.80817992
2.1900000        5000000     -1.5604121      1.3400951    -0.15898339      3.6821368     0.79757161
2.2000000        5000000     -1.5468407      1.4026896    -0.37544242      4.5861838     0.78542935
2.2100000        5000000     -1.5319212      1.4794370    -0.26091302      5.7913858     0.77077186
2.2200000        5000000     -1.5171275      1.5466863    -0.19531912      7.0507168     0.75553784
2.2300000        5000000     -1.5008589      1.6392363    0.099196851      9.1465100     0.73673709
2.2400000        5000000     -1.4842763      1.7362455    0.070790066      11.596917     0.71610681
2.2500000        5000000     -1.4660458      1.8161081  -0.0097360630      14.388983     0.69106486
2.2600000        5000000     -1.4461062      1.9293373    0.050341198      18.732066     0.65918162
2.2700000        5000000     -1.4285568      1.9512106   -0.033026903      20.232339     0.63544758
2.2800000        5000000     -1.4079924      2.0166539   0.0021611597      24.501764     0.59919858
2.2900000        5000000     -1.3882605      2.0146278   -0.018060467      26.708733     0.56628140
2.3000000        5000000     -1.3677022      2.0076783  -0.0019648842      29.378583     0.52700693
2.3100000        5000000     -1.3483927      1.9453820  -0.0095427410      30.394046     0.49258847
2.3200000        5000000     -1.3292638      1.8783040  -0.0017320770      30.560977     0.45783894
2.3300000        5000000     -1.3109556      1.7993664  -0.0029564045      30.350945     0.42419259
2.3400000        5000000     -1.2934289      1.6937868  -0.0062258665      29.269222     0.39199187
2.3500000        5000000     -1.2774148      1.5958061  -0.0027174633      27.694882     0.36484674
2.3600000        5000000     -1.2615747      1.5067678   0.0037854510      26.040487     0.33751780
2.3700000        5000000     -1.2467712      1.4174471   0.0061385183      24.203566     0.31261784
2.3800000        5000000     -1.2323885      1.3340335  7.4454750E-05      22.127036     0.28816506
2.3900000        5000000     -1.2202352      1.2735197  -0.0041354155      20.526683     0.27306306
2.4000000        5000000     -1.2076173      1.2151580   0.0030668392      18.953261     0.25620584
