Temperature    Total MCC       E            Cv             M            Chi            |M| 
2.1000000        5000000     -1.6619965     0.96633121    -0.86854385      1.0538468     0.86854385
2.1250000        5000000     -1.6370533      1.0417295    -0.85372661      1.2765412     0.85372661
2.1500000        5000000     -1.6095328      1.1444705    -0.83539126      1.8723273     0.83539126
2.1750000        5000000     -1.5798589      1.2520526    -0.81367669      2.7642412     0.81367669
2.2000000        5000000     -1.5467835      1.4040283    -0.78559690      4.4937990     0.78559690
2.2100000        5000000     -1.5321517      1.4896463    -0.23133485      6.4073100     0.77058282
2.2200000        5000000     -1.5167167      1.5778109    0.082894563      8.3009029     0.75417407
2.2300000        5000000     -1.5007829      1.6648297     0.35730856      10.916182     0.73555700
2.2400000        5000000     -1.4825470      1.7978533     0.23310287      16.665500     0.70911819
2.2500000        5000000     -1.4642457      1.9377528     0.11500775      24.029282     0.68050626
2.2600000        5000000     -1.4442613      2.0607107     0.17505054      32.546700     0.64480351
2.2700000        5000000     -1.4224701      2.1825912    0.076830257      42.458060     0.60018647
2.2800000        5000000     -1.4012134      2.2052862   -0.015049645      51.189372     0.55480965
2.2900000        5000000     -1.3789790      2.2043590   -0.012733516      60.040009     0.50053388
2.3000000        5000000     -1.3554586      2.1048947    0.023985377      64.021798     0.43817971
2.3100000        5000000     -1.3366940      1.9899813    0.012149071      61.758362     0.39862537
2.3200000        5000000     -1.3173144      1.8443082   0.0033072092      58.838328     0.35149527
2.3300000        5000000     -1.2995546      1.6883598   0.0078902779      52.254842     0.31418509
2.3400000        5000000     -1.2832038      1.5584147   0.0021466054      46.466766     0.28188457
2.3500000        5000000     -1.2682050      1.4609295 -0.00037611333      41.592454     0.25354676
2.3600000        5000000     -1.2538091      1.3732033  0.00015922122      36.163609     0.22857630
2.3700000        5000000     -1.2405273      1.3028033   0.0048252901      31.737988     0.21138297
2.3800000        5000000     -1.2282339      1.2317697  0.00032687011      27.953865     0.19600856
2.3900000        5000000     -1.2160480      1.1849780 -0.00094806789      24.686309     0.18182530
2.4000000        5000000     -1.2042894      1.1441345   0.0018281126      21.845133     0.16910429

