Temperature    Total MCC       E            Cv             M            Chi            |M| 
2.1700000        5000000     -1.5859796      1.2509223    -0.40921514      3.4050618     0.81804819
2.1800000        5000000     -1.5736127      1.2867386    -0.40447189      3.0150076     0.80880739
2.1900000        5000000     -1.5601368      1.3486727    -0.39814838      3.9080707     0.79702631
2.2000000        5000000     -1.5462707      1.4307383    -0.39181482      6.0302163     0.78356575
2.2100000        5000000     -1.5317394      1.5034698    -0.38426014      6.8823676     0.76962127
2.2200000        5000000     -1.5167681      1.5715406    -0.37593898      8.3834569     0.75410519
2.2300000        5000000     -1.5002799      1.6898163    -0.36756337      12.127705     0.73367757
2.2400000        5000000     -1.4827409      1.8193561    -0.10144482      19.146580     0.70854056
2.2500000        5000000     -1.4632022      1.9945589     0.19100229      31.493806     0.67482534
2.2600000        5000000     -1.4425010      2.1802542    0.023365543      48.800529     0.63274016
2.2700000        5000000     -1.4202399      2.3035843    0.085340150      70.310098     0.57946506
2.2800000        5000000     -1.3966761      2.3547812    -0.11441326      89.685850     0.51552453
2.2900000        5000000     -1.3733493      2.2988681   -0.017755239      102.33811     0.44668751
2.3000000        5000000     -1.3505521      2.1096269    0.016575415      102.94408     0.37867275
2.3100000        5000000     -1.3310101      1.9136521   0.0015532077      91.789097     0.32888358
2.3200000        5000000     -1.3124412      1.7443411   -0.010314814      80.111924     0.27952270
2.3300000        5000000     -1.2955509      1.5976216   -0.013348443      67.789547     0.23988887
